RT -0.835668 0.203429 0.510172 0.313177 0.939565 0.138341 -0.451197 0.275382 -0.848874 12.9628 -16.4077 4.60668  
RT 0.164635 0.484874 -0.858948 -0.649289 -0.60227 -0.464429 -0.742509 0.634167 0.215669 11.4854 -1.42691 -0.409512  
RT -0.919141 0.393179 0.0242826 0.229889 0.485317 0.843575 0.319892 0.780947 -0.536462 13.3139 -15.8196 -5.58383  
RT 0.367281 0.714828 -0.595085 -0.0947446 -0.607719 -0.78848 -0.925272 0.345975 -0.155478 10.6544 -2.59741 -1.15976  
RT 0.126089 0.651831 -0.747809 -0.697005 -0.47819 -0.534339 -0.705894 0.588601 0.394035 11.9975 -0.96527 -0.626421  
RT -0.884437 0.0179045 0.466315 0.22121 0.895946 0.385157 -0.410898 0.443801 -0.796369 14.6855 -15.7673 1.86225  
RT 0.209866 0.415023 -0.885275 0.602483 -0.768004 -0.217219 -0.770046 -0.487776 -0.411222 11.8522 -2.09665 -0.0670372  
RT -0.913278 0.381398 0.143034 0.113898 -0.0980319 0.988644 0.391089 0.919198 0.0460898 11.4706 -8.07132 -14.3501  
RT 0.349483 0.602192 -0.717793 -0.440737 -0.570388 -0.693115 -0.826809 0.55859 0.066068 11.6614 0.872406 -0.157707  
RT -0.863749 -0.0694357 0.499115 0.274452 0.765855 0.5815 -0.422627 0.639253 -0.64245 15.5651 -14.2873 0.563636  
RT -0.825976 -0.148728 0.543731 0.275493 0.735023 0.619552 -0.491799 0.661529 -0.566138 15.9769 -14.931 -0.559304  
RT 0.372968 0.627928 -0.683082 -0.334789 -0.595532 -0.730245 -0.865339 0.501046 -0.0118915 12.1739 0.504721 0.200243  
RT 0.373103 0.654954 -0.657137 -0.184566 -0.641731 -0.74439 -0.909247 0.39902 -0.118549 10.0486 -1.27626 -2.30859  
RT -0.909255 0.415532 0.0242583 0.253291 0.506114 0.824435 0.330302 0.755766 -0.565437 11.6118 -15.0332 -6.28998  
RT -0.908567 0.416085 0.0371324 0.313525 0.620467 0.718835 0.276057 0.664751 -0.694189 12.887 -15.7819 -5.84789  
RT 0.385613 0.673163 -0.630995 -0.120465 -0.6413 -0.757775 -0.914763 0.368221 -0.1662 10.5835 -2.62034 -1.14261  
RT -0.889081 -0.0327457 0.456577 0.413527 0.37026 0.831807 -0.19629 0.928351 -0.31565 15.5579 -12.4183 -6.77388  
RT 0.22668 0.547178 -0.805737 -0.168307 -0.79282 -0.585756 -0.959317 0.26839 -0.0876226 11.8244 0.574084 -0.428207  
RT 0.183691 0.41261 -0.892194 -0.35331 -0.819271 -0.451627 -0.917295 0.398181 -0.00471343 12.7699 -0.880447 0.232802  
RT -0.74691 0.140346 0.649945 0.565213 0.648861 0.509425 -0.350228 0.747852 -0.563967 13.2238 -16.3074 -1.70733  
RT 0.114703 0.578801 -0.807362 -0.197153 -0.783296 -0.589558 -0.97364 0.226798 0.0242655 11.4353 -0.0251457 -1.06402  
RT -0.876207 -0.054982 0.478789 0.390012 0.502716 0.771471 -0.283112 0.862702 -0.419039 15.2113 -14.5191 -5.87037  
RT 0.00084047 0.322963 -0.946411 0.0336199 -0.945886 -0.322754 -0.999434 -0.031547 -0.011653 10.6613 -5.52743 -1.33793  
RT -0.58495 0.274605 0.763168 0.804285 0.0749417 0.589499 0.104686 0.958632 -0.264698 9.65646 -14.9054 -10.7941  
RT -0.559839 -0.0220155 0.828309 0.491145 0.796293 0.35312 -0.667351 0.60451 -0.434983 13.8264 -15.3785 3.55075  
RT 0.107892 0.439415 -0.891781 -0.744288 -0.558982 -0.365479 -0.659087 0.703174 0.266742 11.2129 -0.989701 2.63592  
RT 0.118113 0.401931 -0.90802 -0.735482 -0.578965 -0.351946 -0.66717 0.709402 0.227229 11.0461 -1.6686 2.56805  
RT -0.528309 0.0488765 0.847644 0.496913 0.827303 0.262006 -0.688453 0.559625 -0.461359 13.123 -15.9426 4.44354  
